1.344000000000000000e+03 -7.680000000000000000e+02 -5.760000000000000000e+02 -3.840000000000000000e+02 -1.920000000000000000e+02 0.000000000000000000e+00 1.920000000000000000e+02 3.840000000000000000e+02
-7.680000000000000000e+02 1.856000000000000000e+03 -6.400000000000000000e+02 -4.480000000000000000e+02 -2.560000000000000000e+02 -6.400000000000000000e+01 1.280000000000000000e+02 1.920000000000000000e+02
-5.760000000000000000e+02 -6.400000000000000000e+02 2.240000000000000000e+03 -5.120000000000000000e+02 -3.200000000000000000e+02 -1.280000000000000000e+02 -6.400000000000000000e+01 0.000000000000000000e+00
-3.840000000000000000e+02 -4.480000000000000000e+02 -5.120000000000000000e+02 2.496000000000000000e+03 -3.840000000000000000e+02 -3.200000000000000000e+02 -2.560000000000000000e+02 -1.920000000000000000e+02
-1.920000000000000000e+02 -2.560000000000000000e+02 -3.200000000000000000e+02 -3.840000000000000000e+02 2.496000000000000000e+03 -5.120000000000000000e+02 -4.480000000000000000e+02 -3.840000000000000000e+02
0.000000000000000000e+00 -6.400000000000000000e+01 -1.280000000000000000e+02 -3.200000000000000000e+02 -5.120000000000000000e+02 2.240000000000000000e+03 -6.400000000000000000e+02 -5.760000000000000000e+02
1.920000000000000000e+02 1.280000000000000000e+02 -6.400000000000000000e+01 -2.560000000000000000e+02 -4.480000000000000000e+02 -6.400000000000000000e+02 1.856000000000000000e+03 -7.680000000000000000e+02
3.840000000000000000e+02 1.920000000000000000e+02 0.000000000000000000e+00 -1.920000000000000000e+02 -3.840000000000000000e+02 -5.760000000000000000e+02 -7.680000000000000000e+02 1.344000000000000000e+03
